,scale_factor,min_neighbors,positive_feature_count,negative_feature_count,file_name
0,1.06,2,1076,3,facial_features_1.06_2_features.csv
1,1.12,2,1052,9,facial_features_1.12_2_features.csv
2,1.1800000000000002,2,1024,16,facial_features_1.1800000000000002_2_features.csv
3,1.2400000000000002,2,1020,17,facial_features_1.2400000000000002_2_features.csv
4,1.3000000000000003,2,1028,15,facial_features_1.3000000000000003_2_features.csv
5,1.3600000000000003,2,968,30,facial_features_1.3600000000000003_2_features.csv
6,1.4200000000000004,2,1024,16,facial_features_1.4200000000000004_2_features.csv
7,1.4800000000000004,2,984,26,facial_features_1.4800000000000004_2_features.csv
8,1.5400000000000005,2,960,32,facial_features_1.5400000000000005_2_features.csv
9,1.6000000000000005,2,912,44,facial_features_1.6000000000000005_2_features.csv
10,1.6600000000000006,2,888,50,facial_features_1.6600000000000006_2_features.csv
11,1.7200000000000006,2,860,57,facial_features_1.7200000000000006_2_features.csv
12,1.7800000000000007,2,824,66,facial_features_1.7800000000000007_2_features.csv
13,1.8400000000000007,2,812,69,facial_features_1.8400000000000007_2_features.csv
14,1.9000000000000008,2,764,81,facial_features_1.9000000000000008_2_features.csv
15,1.9600000000000009,2,776,78,facial_features_1.9600000000000009_2_features.csv
16,2.020000000000001,2,964,31,facial_features_2.020000000000001_2_features.csv
17,2.080000000000001,2,936,38,facial_features_2.080000000000001_2_features.csv
18,1.06,3,1076,3,facial_features_1.06_3_features.csv
19,1.12,3,1036,13,facial_features_1.12_3_features.csv
20,1.1800000000000002,3,1016,18,facial_features_1.1800000000000002_3_features.csv
21,1.2400000000000002,3,1000,22,facial_features_1.2400000000000002_3_features.csv
22,1.3000000000000003,3,988,25,facial_features_1.3000000000000003_3_features.csv
23,1.3600000000000003,3,912,44,facial_features_1.3600000000000003_3_features.csv
24,1.4200000000000004,3,972,29,facial_features_1.4200000000000004_3_features.csv
25,1.4800000000000004,3,904,46,facial_features_1.4800000000000004_3_features.csv
26,1.5400000000000005,3,828,65,facial_features_1.5400000000000005_3_features.csv
27,1.6000000000000005,3,776,78,facial_features_1.6000000000000005_3_features.csv
28,1.6600000000000006,3,724,91,facial_features_1.6600000000000006_3_features.csv
29,1.7200000000000006,3,696,98,facial_features_1.7200000000000006_3_features.csv
30,1.7800000000000007,3,696,98,facial_features_1.7800000000000007_3_features.csv
31,1.8400000000000007,3,636,113,facial_features_1.8400000000000007_3_features.csv
32,1.9000000000000008,3,560,132,facial_features_1.9000000000000008_3_features.csv
33,1.9600000000000009,3,572,129,facial_features_1.9600000000000009_3_features.csv
34,2.020000000000001,3,924,41,facial_features_2.020000000000001_3_features.csv
35,2.080000000000001,3,868,55,facial_features_2.080000000000001_3_features.csv
36,1.06,4,1064,6,facial_features_1.06_4_features.csv
37,1.12,4,1028,15,facial_features_1.12_4_features.csv
38,1.1800000000000002,4,1004,21,facial_features_1.1800000000000002_4_features.csv
39,1.2400000000000002,4,988,25,facial_features_1.2400000000000002_4_features.csv
40,1.3000000000000003,4,960,32,facial_features_1.3000000000000003_4_features.csv
41,1.3600000000000003,4,816,68,facial_features_1.3600000000000003_4_features.csv
42,1.4200000000000004,4,876,53,facial_features_1.4200000000000004_4_features.csv
43,1.4800000000000004,4,796,73,facial_features_1.4800000000000004_4_features.csv
44,1.5400000000000005,4,664,106,facial_features_1.5400000000000005_4_features.csv
45,1.6000000000000005,4,588,125,facial_features_1.6000000000000005_4_features.csv
46,1.6600000000000006,4,540,137,facial_features_1.6600000000000006_4_features.csv
47,1.7200000000000006,4,464,156,facial_features_1.7200000000000006_4_features.csv
48,1.7800000000000007,4,408,170,facial_features_1.7800000000000007_4_features.csv
49,1.8400000000000007,4,388,175,facial_features_1.8400000000000007_4_features.csv
50,1.9000000000000008,4,332,189,facial_features_1.9000000000000008_4_features.csv
51,1.9600000000000009,4,344,186,facial_features_1.9600000000000009_4_features.csv
52,2.020000000000001,4,836,63,facial_features_2.020000000000001_4_features.csv
53,2.080000000000001,4,776,78,facial_features_2.080000000000001_4_features.csv
54,1.06,5,1060,7,facial_features_1.06_5_features.csv
55,1.12,5,1020,17,facial_features_1.12_5_features.csv
56,1.1800000000000002,5,996,23,facial_features_1.1800000000000002_5_features.csv
57,1.2400000000000002,5,956,33,facial_features_1.2400000000000002_5_features.csv
58,1.3000000000000003,5,940,37,facial_features_1.3000000000000003_5_features.csv
59,1.3600000000000003,5,720,92,facial_features_1.3600000000000003_5_features.csv
60,1.4200000000000004,5,824,66,facial_features_1.4200000000000004_5_features.csv
61,1.4800000000000004,5,692,99,facial_features_1.4800000000000004_5_features.csv
62,1.5400000000000005,5,512,144,facial_features_1.5400000000000005_5_features.csv
63,1.6000000000000005,5,424,166,facial_features_1.6000000000000005_5_features.csv
64,1.6600000000000006,5,348,185,facial_features_1.6600000000000006_5_features.csv
65,1.7200000000000006,5,276,203,facial_features_1.7200000000000006_5_features.csv
66,1.7800000000000007,5,220,217,facial_features_1.7800000000000007_5_features.csv
67,1.8400000000000007,5,208,220,facial_features_1.8400000000000007_5_features.csv
68,1.9000000000000008,5,152,234,facial_features_1.9000000000000008_5_features.csv
69,1.9600000000000009,5,128,240,facial_features_1.9600000000000009_5_features.csv
70,2.020000000000001,5,800,72,facial_features_2.020000000000001_5_features.csv
71,2.080000000000001,5,732,89,facial_features_2.080000000000001_5_features.csv
72,1.06,6,1060,7,facial_features_1.06_6_features.csv
73,1.12,6,1012,19,facial_features_1.12_6_features.csv
74,1.1800000000000002,6,984,26,facial_features_1.1800000000000002_6_features.csv
75,1.2400000000000002,6,936,38,facial_features_1.2400000000000002_6_features.csv
76,1.3000000000000003,6,908,45,facial_features_1.3000000000000003_6_features.csv
77,1.3600000000000003,6,636,113,facial_features_1.3600000000000003_6_features.csv
78,1.4200000000000004,6,760,82,facial_features_1.4200000000000004_6_features.csv
79,1.4800000000000004,6,556,133,facial_features_1.4800000000000004_6_features.csv
80,1.5400000000000005,6,360,182,facial_features_1.5400000000000005_6_features.csv
81,1.6000000000000005,6,244,211,facial_features_1.6000000000000005_6_features.csv
82,1.6600000000000006,6,132,239,facial_features_1.6600000000000006_6_features.csv
83,1.7200000000000006,6,108,245,facial_features_1.7200000000000006_6_features.csv
84,1.7800000000000007,6,72,254,facial_features_1.7800000000000007_6_features.csv
85,1.8400000000000007,6,72,254,facial_features_1.8400000000000007_6_features.csv
86,1.9000000000000008,6,48,260,facial_features_1.9000000000000008_6_features.csv
87,1.9600000000000009,6,32,264,facial_features_1.9600000000000009_6_features.csv
88,2.020000000000001,6,748,85,facial_features_2.020000000000001_6_features.csv
89,2.080000000000001,6,668,105,facial_features_2.080000000000001_6_features.csv
90,1.06,7,1052,9,facial_features_1.06_7_features.csv
91,1.12,7,1008,20,facial_features_1.12_7_features.csv
92,1.1800000000000002,7,968,30,facial_features_1.1800000000000002_7_features.csv
93,1.2400000000000002,7,916,43,facial_features_1.2400000000000002_7_features.csv
94,1.3000000000000003,7,872,54,facial_features_1.3000000000000003_7_features.csv
95,1.3600000000000003,7,520,142,facial_features_1.3600000000000003_7_features.csv
96,1.4200000000000004,7,708,95,facial_features_1.4200000000000004_7_features.csv
97,1.4800000000000004,7,496,148,facial_features_1.4800000000000004_7_features.csv
98,1.5400000000000005,7,292,199,facial_features_1.5400000000000005_7_features.csv
99,1.6000000000000005,7,124,241,facial_features_1.6000000000000005_7_features.csv
100,1.6600000000000006,7,64,256,facial_features_1.6600000000000006_7_features.csv
101,1.7200000000000006,7,36,263,facial_features_1.7200000000000006_7_features.csv
102,1.7800000000000007,7,32,264,facial_features_1.7800000000000007_7_features.csv
103,1.8400000000000007,7,16,268,facial_features_1.8400000000000007_7_features.csv
104,1.9000000000000008,7,20,267,facial_features_1.9000000000000008_7_features.csv
105,1.9600000000000009,7,20,267,facial_features_1.9600000000000009_7_features.csv
106,2.020000000000001,7,704,96,facial_features_2.020000000000001_7_features.csv
107,2.080000000000001,7,616,118,facial_features_2.080000000000001_7_features.csv
108,1.06,8,1048,10,facial_features_1.06_8_features.csv
109,1.12,8,996,23,facial_features_1.12_8_features.csv
110,1.1800000000000002,8,956,33,facial_features_1.1800000000000002_8_features.csv
111,1.2400000000000002,8,896,48,facial_features_1.2400000000000002_8_features.csv
112,1.3000000000000003,8,844,61,facial_features_1.3000000000000003_8_features.csv
113,1.3600000000000003,8,444,161,facial_features_1.3600000000000003_8_features.csv
114,1.4200000000000004,8,648,110,facial_features_1.4200000000000004_8_features.csv
115,1.4800000000000004,8,408,170,facial_features_1.4800000000000004_8_features.csv
116,1.5400000000000005,8,228,215,facial_features_1.5400000000000005_8_features.csv
117,1.6000000000000005,8,80,252,facial_features_1.6000000000000005_8_features.csv
118,1.6600000000000006,8,36,263,facial_features_1.6600000000000006_8_features.csv
119,1.7200000000000006,8,24,266,facial_features_1.7200000000000006_8_features.csv
120,1.7800000000000007,8,8,270,facial_features_1.7800000000000007_8_features.csv
121,1.8400000000000007,8,4,271,facial_features_1.8400000000000007_8_features.csv
122,1.9000000000000008,8,4,271,facial_features_1.9000000000000008_8_features.csv
123,1.9600000000000009,8,4,271,facial_features_1.9600000000000009_8_features.csv
124,2.020000000000001,8,640,112,facial_features_2.020000000000001_8_features.csv
125,2.080000000000001,8,568,130,facial_features_2.080000000000001_8_features.csv
126,1.06,9,1044,11,facial_features_1.06_9_features.csv
127,1.12,9,988,25,facial_features_1.12_9_features.csv
128,1.1800000000000002,9,952,34,facial_features_1.1800000000000002_9_features.csv
129,1.2400000000000002,9,848,60,facial_features_1.2400000000000002_9_features.csv
130,1.3000000000000003,9,808,70,facial_features_1.3000000000000003_9_features.csv
131,1.3600000000000003,9,372,179,facial_features_1.3600000000000003_9_features.csv
132,1.4200000000000004,9,608,120,facial_features_1.4200000000000004_9_features.csv
133,1.4800000000000004,9,320,192,facial_features_1.4800000000000004_9_features.csv
134,1.5400000000000005,9,168,230,facial_features_1.5400000000000005_9_features.csv
135,1.6000000000000005,9,40,262,facial_features_1.6000000000000005_9_features.csv
136,1.6600000000000006,9,8,270,facial_features_1.6600000000000006_9_features.csv
137,1.7200000000000006,9,4,271,facial_features_1.7200000000000006_9_features.csv
138,1.7800000000000007,9,4,271,facial_features_1.7800000000000007_9_features.csv
139,1.8400000000000007,9,0,272,facial_features_1.8400000000000007_9_features.csv
140,1.9000000000000008,9,0,272,facial_features_1.9000000000000008_9_features.csv
141,1.9600000000000009,9,0,272,facial_features_1.9600000000000009_9_features.csv
142,2.020000000000001,9,592,124,facial_features_2.020000000000001_9_features.csv
143,2.080000000000001,9,488,150,facial_features_2.080000000000001_9_features.csv
144,1.06,10,1036,13,facial_features_1.06_10_features.csv
145,1.12,10,980,27,facial_features_1.12_10_features.csv
146,1.1800000000000002,10,928,40,facial_features_1.1800000000000002_10_features.csv
147,1.2400000000000002,10,816,68,facial_features_1.2400000000000002_10_features.csv
148,1.3000000000000003,10,776,78,facial_features_1.3000000000000003_10_features.csv
149,1.3600000000000003,10,320,192,facial_features_1.3600000000000003_10_features.csv
150,1.4200000000000004,10,556,133,facial_features_1.4200000000000004_10_features.csv
151,1.4800000000000004,10,300,197,facial_features_1.4800000000000004_10_features.csv
152,1.5400000000000005,10,108,245,facial_features_1.5400000000000005_10_features.csv
153,1.6000000000000005,10,28,265,facial_features_1.6000000000000005_10_features.csv
154,1.6600000000000006,10,4,271,facial_features_1.6600000000000006_10_features.csv
155,1.7200000000000006,10,0,272,facial_features_1.7200000000000006_10_features.csv
156,1.7800000000000007,10,0,272,facial_features_1.7800000000000007_10_features.csv
157,1.8400000000000007,10,0,272,facial_features_1.8400000000000007_10_features.csv
158,1.9000000000000008,10,0,272,facial_features_1.9000000000000008_10_features.csv
159,1.9600000000000009,10,0,272,facial_features_1.9600000000000009_10_features.csv
160,2.020000000000001,10,536,138,facial_features_2.020000000000001_10_features.csv
161,2.080000000000001,10,436,163,facial_features_2.080000000000001_10_features.csv
